A	C	E	I	O	S
0.00	5.05	6.05	3.67	2.62	4.71
5.05	0.00	1.00	1.38	2.43	1.14
6.05	1.00	0.00	2.38	3.43	1.69
3.67	1.38	2.38	0.00	1.05	1.05
2.62	2.43	3.43	1.05	0.00	2.10
4.71	1.14	1.69	1.05	2.10	0.00

A	C	E	I	O	S
0.00	5.05	6.05	3.67	2.62	4.71
5.05	0.00	1.00	1.38	2.43	1.14
6.05	1.00	0.00	2.38	3.43	1.69
3.67	1.38	2.38	0.00	1.05	1.05
2.62	2.43	3.43	1.05	0.00	2.10
4.71	1.14	1.69	1.05	2.10	0.00

A	C	E	I	O	S
0.00	5.05	6.05	3.67	2.62	4.71
5.05	0.00	1.00	1.38	2.43	1.14
6.05	1.00	0.00	2.38	3.43	1.69
3.67	1.38	2.38	0.00	1.05	1.05
2.62	2.43	3.43	1.05	0.00	2.10
4.71	1.14	1.69	1.05	2.10	0.00

END
